-51.49
-54.01
-6.16
-15.46
1.5
-3.33
-1.71
-1.03
1.7
2.71
1.58
2.68
2.98
4.39
3.38
3.18
4.73
4.52
5.19
4.67
5.87
5.46
5
7.07
5.87
5.4
6.77
6.38
7.74
9.06
11.08
12.43
14.19
13.68
15.23
18.57
20.41
18.66
22.56
28.16
25.45
28.85
35.47
49.97
59.08
53.41
60.66
60.98
62.52
65.82
65
62.78
58.42
66.58
78.41
78.16
78.98
72.75
78.94
83.7
98.87
93.09
91.9
92.73
100.15
98.38
110.35
110.75
104.48
104.54
112.75
113.88
120.3
109.03
108.74
125.48
111
137.24
136.54
126.73
135.65
138.53
133.71
131.87
131.38
134.69
192.45
155.78
171.82
171.84
166.79
181.52
177.14
177.54
187.51
188.23
186.12
205.93
207.84
225.03
210.64
216.96
234.07
213.65
219.25
212.26
213.07
239.76
227.41
239.54
214.82
211.77
243.48
226.29
223.92
224.67
216.43
220.05
222.85
227
222.38
221.27
234.12
229.66
237.89
240.49
228.65
225.4
229.11
242.12
231.3
236.8
249.5
242.39
238.79
251.54
247.31
265.11
245.43
237.23
264.35
255.34
255.31
253.66
269.53
259.49
268.37
266.03
287.87
268.01
272.47
269.59
263.01
276.16
277.64
276.35
268.16
264.64
265.2
260.58
268.81
269.3
269.17
264.25
275.94
279.17
284.24
268.72
268.87
273.12
275.19
279.34
286.75
264.68
284.93
276.42
277.76
276.14
277.63
284.46
279.12
284.98
280.74
290.43
286.21
285.25
287.32
274.69
278.76
277.08
282.8
278.26
284.44
282.89
278.07
265.64
278.73
276.02
283.56
283.95
286.08
279.76
280.84
281.99
287.07
295.79
280.89
275.72
283.06
287.99
275.27
282.74
286.05
285.24
304.77
281.75
298.48
289
286.73
291.73
287.94
283.47
291.97
280.57
277.77
294.41
301.59
282.34
294.72
297.43
297.72
294.2
301.78
296.86
296.63
300.7
287.64
296.71
300.2
299.23
290.04
302.06
291.59
298.13
296.84
304.06
307.26
297.71
295.69
306.39
309.33
306.5
302.74
303.39
305.58
301.68
302.16
299.12
295.05
300.84
314.41
305.58
299.71
303.25
302.37
303.63
297.71
302.64
304.01
296.58
303.83
293.02
306.31
311.81
295.78
308.47
296.68
302.73
306.14
311.5
305.22
297.41
312.62
307.27
301.34
307.73
305.23
304.61
301.18
304.4
303.95
310.41
309.87
313.24
309.68
305.97
305.94
308.75
306.71
310.98
303.89
304.9
314.2
308.22
313.43
316.24
313.8
312.85
311.9
315.6
312.74
312.65
304.83
309.2
302.51
314.73
306.6
311.59
301.5
306.13
300.19
307.3
308.46
303.33
307.82
313.13
308.66
307.25
304.01
307.93
300.83
314.48
302.25
307.45
313.94
312.47
309.69
313.43
314.11
309.67
310.57
314.16
309.39
319.14
314.02
315.91
317.98
316.13
314.73
315.29
315.41
316.22
326.26
318.21
327.97
330.17
324.37
325.92
318.66
332.78
328.16
312.35
324.69
323.74
326.31
336.84
320.54
322.42
322.92
320.56
332.32
316.67
327.37
321.85
318.35
320.1
325.04
329.33
318.87
326.28
328.27
325.8
329.55
330.01
326.12
323.79
329.35
321.86
325.92
327.58
325.25
330.06
332.96
324.98
321.47
329.09
322
324.86
325.53
324.08
323.77
330.62
327.68
323.52
320.33
322.29
328.06
329.03
330.24
328.21
324.8
326.92
332.62
326.14
322.5
333.15
327.34
324.7
323.71
322.23
321.27
333.93
323.28
328.01
327.34
330.65
332.99
335.33
332.03
332.69
331.21
331.5
326.78
341.29
336.12
331.12
340.01
336.3
328.79
336.48
340.17
338.49
357.31
339.11
340.03
336.59
333.11
343.49
337.56
336.05
347.33
328.8
328.08
344.1
336.6
352.97
335.59
357.17
342.97
343.15
341.8
353.69
342.92
338.58
349.49
344.59
354.16
361.03
365.99
355.35
368.62
362.27
368.47
360.17
355.17
368.89
359.08
357.29
367.23
363.61
372.9
367.4
362.92
373.71
368.04
365.8
362.07
369.25
375.05
373.8
372.62
361.92
363.56
362.9
374.01
368.38
366.52
364.03
359.3
373.77
366.89
374.22
370.88
367.15
363.6
376.37
372.69
368.96
371.77
367.22
371.85
377.08
377.24
370.79
380.71
370.06
369.67
377.12
375.55
373.51
364.64
368.91
380.37
377.77
371.36
366.34
373.78
369.5
375.55
375.81
369.18
366.98
373.39
373.8
372.69
373.93
368.72
378.83
381.1
370.89
376.08
386.96
381.31
372.51
374.11
386.82
383.66
378.09
385.97
383.95
382.26
389.13
381.12
387.16
391.97
381.15
386.01
387.99
386.99
387.47
382.56
386.66
387.58
394.67
383.74
387.4
389.66
383.75
392.43
382.98
388.33
389.65
389.91
392.48
388.56
391.8
384.92
384.23
390.06
399.72
385.7
394.64
392.18
393.31
386.58
394.45
386.99
391.23
383.25
387.92
389.07
390.49
380.88
395.27
385.92
387.18
392.28
384.71
388.35
394.49
389.68
398.41
396.47
393.12
394.07
399.18
391.83
396.62
393.7
390.61
385.56
393.78
391.6
405.59
390.13
389.79
397.47
399.15
401.56
406.52
407.88
405.31
401.56
404.15
403.77
409.77
411.61
404.84
414.29
412.75
405.43
403.97
406.91
410.76
